"Image object/4","object/4/Image"
"Image object/4","object/4/Image"
"Unspecified element object/13","object/13/Unspecified element"
"Unspecified element object/13","object/13/Unspecified element"
"Image object/13","object/13/Image"
"Image object/13","object/13/Image"
"Sheet object/17","object/17/Sheet"
"Sheet object/17","object/17/Sheet"
"Sheet object/18","object/18/Sheet"
"Sheet object/18","object/18/Sheet"
"Sheet object/19","object/19/Sheet"
"Sheet object/19","object/19/Sheet"
"Mat object/23","object/23/Mat"
"Mat object/23","object/23/Mat"
"Image object/23","object/23/Image"
"Image object/23","object/23/Image"
"Sheet object/23","object/23/Sheet"
"Sheet object/23","object/23/Sheet"
"Image object/27","object/27/Image"
"Image object/27","object/27/Image"
"Unspecified element object/27","object/27/Unspecified element"
"Unspecified element object/27","object/27/Unspecified element"
"Frame object/29","object/29/Frame"
"Frame object/29","object/29/Frame"
"Frame object/29","object/29/Frame"
"Stretcher object/29","object/29/Stretcher"
"Stretcher object/29","object/29/Stretcher"
"Stretcher object/29","object/29/Stretcher"
"Frame object/35","object/35/Frame"
"Frame object/35","object/35/Frame"
"Frame object/35","object/35/Frame"
"Stretcher object/35","object/35/Stretcher"
"Stretcher object/35","object/35/Stretcher"
"Stretcher object/35","object/35/Stretcher"
"Unspecified element object/42","object/42/Unspecified element"
"Unspecified element object/42","object/42/Unspecified element"
"Image/Sheet object/42","object/42/Image/Sheet"
"Image/Sheet object/42","object/42/Image/Sheet"
"Mat object/46","object/46/Mat"
"Mat object/46","object/46/Mat"
"Image object/46","object/46/Image"
"Image object/46","object/46/Image"
"Sheet object/47","object/47/Sheet"
"Sheet object/47","object/47/Sheet"
"Mat object/58","object/58/Mat"
"Mat object/58","object/58/Mat"
"Sight object/58","object/58/Sight"
"Sight object/58","object/58/Sight"
"Image object/59","object/59/Image"
"Image object/59","object/59/Image"
"Sheet object/59","object/59/Sheet"
"Sheet object/59","object/59/Sheet"
"Board object/59","object/59/Board"
"Board object/59","object/59/Board"
"Unspecified element object/59","object/59/Unspecified element"
"Unspecified element object/59","object/59/Unspecified element"
"Mat object/60","object/60/Mat"
"Mat object/60","object/60/Mat"
"Frame object/60","object/60/Frame"
"Frame object/60","object/60/Frame"
"Frame object/60","object/60/Frame"
"Image object/60","object/60/Image"
"Image object/60","object/60/Image"
"Other object/62","object/62/Other"
"Other object/62","object/62/Other"
"Image object/81","object/81/Image"
"Image object/81","object/81/Image"
"Unspecified element object/81","object/81/Unspecified element"
"Unspecified element object/81","object/81/Unspecified element"
"Sheet object/81","object/81/Sheet"
"Sheet object/81","object/81/Sheet"
"Unspecified element object/86","object/86/Unspecified element"
"Unspecified element object/86","object/86/Unspecified element"
"Image object/86","object/86/Image"
"Image object/86","object/86/Image"
"Sheet object/90","object/90/Sheet"
"Sheet object/90","object/90/Sheet"
"Unspecified element object/90","object/90/Unspecified element"
"Unspecified element object/90","object/90/Unspecified element"
"Image object/90","object/90/Image"
"Image object/90","object/90/Image"
"Image object/94","object/94/Image"
"Image object/94","object/94/Image"
"Sheet object/94","object/94/Sheet"
"Sheet object/94","object/94/Sheet"
"Unspecified element object/94","object/94/Unspecified element"
"Unspecified element object/94","object/94/Unspecified element"
"Image object/98","object/98/Image"
"Image object/98","object/98/Image"
"Unspecified element object/98","object/98/Unspecified element"
"Unspecified element object/98","object/98/Unspecified element"
"Unspecified element object/99","object/99/Unspecified element"
"Unspecified element object/99","object/99/Unspecified element"
"Other object/99","object/99/Other"
"Other object/99","object/99/Other"
"Unspecified element object/126","object/126/Unspecified element"
"Unspecified element object/126","object/126/Unspecified element"
"Image/Sheet object/126","object/126/Image/Sheet"
"Image/Sheet object/126","object/126/Image/Sheet"
"Sheet object/129","object/129/Sheet"
"Sheet object/129","object/129/Sheet"
"Image object/129","object/129/Image"
"Image object/129","object/129/Image"
"Unspecified element object/139","object/139/Unspecified element"
"Unspecified element object/139","object/139/Unspecified element"
"Image/Sheet object/139","object/139/Image/Sheet"
"Image/Sheet object/139","object/139/Image/Sheet"
"Sheet object/140","object/140/Sheet"
"Sheet object/140","object/140/Sheet"
"Image object/140","object/140/Image"
"Image object/140","object/140/Image"
"Sheet object/150","object/150/Sheet"
"Sheet object/150","object/150/Sheet"
"Image object/163","object/163/Image"
"Image object/163","object/163/Image"
"Unspecified element object/163","object/163/Unspecified element"
"Unspecified element object/163","object/163/Unspecified element"
"Other object/164","object/164/Other"
"Unspecified element object/164","object/164/Unspecified element"
"Unspecified element object/164","object/164/Unspecified element"
"Unspecified element object/195","object/195/Unspecified element"
"Unspecified element object/195","object/195/Unspecified element"
"Image object/195","object/195/Image"
"Image object/195","object/195/Image"
"Unspecified element object/216","object/216/Unspecified element"
"Unspecified element object/216","object/216/Unspecified element"
"Image object/216","object/216/Image"
"Image object/216","object/216/Image"
"Other object/219","object/219/Other"
"Other object/219","object/219/Other"
"Mat object/219","object/219/Mat"
"Mat object/219","object/219/Mat"
"Sheet object/227","object/227/Sheet"
"Sheet object/227","object/227/Sheet"
"Mat object/227","object/227/Mat"
"Mat object/227","object/227/Mat"
"Image object/228","object/228/Image"
"Image object/228","object/228/Image"
"Unspecified element object/228","object/228/Unspecified element"
"Unspecified element object/228","object/228/Unspecified element"
"Unspecified element object/229","object/229/Unspecified element"
"Unspecified element object/229","object/229/Unspecified element"
"Image/Sheet object/229","object/229/Image/Sheet"
"Image/Sheet object/229","object/229/Image/Sheet"
"Sheet object/268","object/268/Sheet"
"Sheet object/268","object/268/Sheet"
"Image object/268","object/268/Image"
"Image object/268","object/268/Image"
"Mount object/268","object/268/Mount"
"Mount object/268","object/268/Mount"
"Other object/272","object/272/Other"
"Other object/272","object/272/Other"
"Unspecified element object/272","object/272/Unspecified element"
"Unspecified element object/272","object/272/Unspecified element"
"Unspecified element object/276","object/276/Unspecified element"
"Unspecified element object/276","object/276/Unspecified element"
"Image/Sheet object/276","object/276/Image/Sheet"
"Image/Sheet object/276","object/276/Image/Sheet"
"Image object/282","object/282/Image"
"Image object/282","object/282/Image"
"Sheet object/282","object/282/Sheet"
"Sheet object/282","object/282/Sheet"
"Unspecified element object/282","object/282/Unspecified element"
"Unspecified element object/282","object/282/Unspecified element"
"Image/Sheet object/297","object/297/Image/Sheet"
"Unspecified element object/297","object/297/Unspecified element"
"Unspecified element object/297","object/297/Unspecified element"
"Mount object/297","object/297/Mount"
"Mount object/297","object/297/Mount"
"Unspecified element object/300","object/300/Unspecified element"
"Unspecified element object/300","object/300/Unspecified element"
"Other object/300","object/300/Other"
"Other object/300","object/300/Other"
"Sheet object/306","object/306/Sheet"
"Sheet object/306","object/306/Sheet"
"Image object/306","object/306/Image"
"Image object/306","object/306/Image"
"Unspecified element object/316","object/316/Unspecified element"
"Unspecified element object/316","object/316/Unspecified element"
"Other object/316","object/316/Other"
"Other object/316","object/316/Other"
"Image object/319","object/319/Image"
"Image object/319","object/319/Image"
"Unspecified element object/319","object/319/Unspecified element"
"Unspecified element object/319","object/319/Unspecified element"
"Mount object/319","object/319/Mount"
"Mount object/319","object/319/Mount"
"Unspecified element object/330","object/330/Unspecified element"
"Unspecified element object/330","object/330/Unspecified element"
"Other object/330","object/330/Other"
"Other object/330","object/330/Other"
"Other object/331","object/331/Other"
"Other object/331","object/331/Other"
"Unspecified element object/331","object/331/Unspecified element"
"Unspecified element object/331","object/331/Unspecified element"
"Sheet object/332","object/332/Sheet"
"Sheet object/332","object/332/Sheet"
"Unspecified element object/336","object/336/Unspecified element"
"Unspecified element object/336","object/336/Unspecified element"
"Board object/336","object/336/Board"
"Board object/336","object/336/Board"
"Image object/336","object/336/Image"
"Image object/336","object/336/Image"
"Sight object/337","object/337/Sight"
"Sight object/337","object/337/Sight"
"Mat object/338","object/338/Mat"
"Mat object/338","object/338/Mat"
"Sheet/Mount object/338","object/338/Sheet/Mount"
"Sheet/Mount object/338","object/338/Sheet/Mount"
"Other object/338","object/338/Other"
"Other object/338","object/338/Other"
"Board object/354","object/354/Board"
"Board object/354","object/354/Board"
"Unspecified element object/354","object/354/Unspecified element"
"Unspecified element object/354","object/354/Unspecified element"
"Image object/354","object/354/Image"
"Image object/354","object/354/Image"
"Image object/356","object/356/Image"
"Image object/356","object/356/Image"
"Case Open object/356","object/356/Case Open"
"Case Open object/356","object/356/Case Open"
"Plate object/356","object/356/Plate"
"Plate object/356","object/356/Plate"
"Image object/365","object/365/Image"
"Image object/365","object/365/Image"
"Sheet object/365","object/365/Sheet"
"Sheet object/365","object/365/Sheet"
"Unspecified element object/373","object/373/Unspecified element"
"Image object/373","object/373/Image"
"Image object/373","object/373/Image"
"Sheet object/390","object/390/Sheet"
"Sheet object/390","object/390/Sheet"
"Image object/390","object/390/Image"
"Image object/390","object/390/Image"
"Unspecified element object/391","object/391/Unspecified element"
"Unspecified element object/391","object/391/Unspecified element"
"Image object/391","object/391/Image"
"Image object/391","object/391/Image"
"Other object/392","object/392/Other"
"Other object/392","object/392/Other"
"Unspecified element object/392","object/392/Unspecified element"
"Image/Sheet object/404","object/404/Image/Sheet"
"Image/Sheet object/404","object/404/Image/Sheet"
"Unspecified element object/404","object/404/Unspecified element"
"Unspecified element object/404","object/404/Unspecified element"
"Image object/409","object/409/Image"
"Image object/409","object/409/Image"
"Mat object/409","object/409/Mat"
"Mat object/409","object/409/Mat"
"Sheet object/409","object/409/Sheet"
"Sheet object/409","object/409/Sheet"
"Image object/411","object/411/Image"
"Image object/411","object/411/Image"
"Image object/415","object/415/Image"
"Image object/415","object/415/Image"
"Sheet object/415","object/415/Sheet"
"Sheet object/415","object/415/Sheet"
"Image object/427","object/427/Image"
"Image object/427","object/427/Image"
"Unspecified element object/427","object/427/Unspecified element"
"Unspecified element object/427","object/427/Unspecified element"
"Sheet object/427","object/427/Sheet"
"Sheet object/427","object/427/Sheet"
"Sheet object/428","object/428/Sheet"
"Sheet object/428","object/428/Sheet"
"Other object/434","object/434/Other"
"Other object/434","object/434/Other"
"Unspecified element object/438","object/438/Unspecified element"
"Unspecified element object/438","object/438/Unspecified element"
"Image object/438","object/438/Image"
"Image object/438","object/438/Image"
"Image object/456","object/456/Image"
"Image object/456","object/456/Image"
"Unspecified element object/468","object/468/Unspecified element"
"Unspecified element object/468","object/468/Unspecified element"
"Other object/468","object/468/Other"
"Other object/468","object/468/Other"
"Image/Sheet object/480","object/480/Image/Sheet"
"Image/Sheet object/480","object/480/Image/Sheet"
"Mount object/480","object/480/Mount"
"Mount object/480","object/480/Mount"
"Unspecified element object/480","object/480/Unspecified element"
"Unspecified element object/480","object/480/Unspecified element"
"Unspecified element object/481","object/481/Unspecified element"
"Unspecified element object/481","object/481/Unspecified element"
"Sheet object/481","object/481/Sheet"
"Sheet object/481","object/481/Sheet"
"Image object/481","object/481/Image"
"Image object/481","object/481/Image"
"Unspecified element object/492","object/492/Unspecified element"
"Unspecified element object/492","object/492/Unspecified element"
"Other object/492","object/492/Other"
"Other object/492","object/492/Other"
"Stretcher object/493","object/493/Stretcher"
"Stretcher object/493","object/493/Stretcher"
"Stretcher object/493","object/493/Stretcher"
"Frame object/493","object/493/Frame"
"Frame object/493","object/493/Frame"
"Frame object/493","object/493/Frame"
"Unspecified element object/499","object/499/Unspecified element"
"Other object/499","object/499/Other"
"Unspecified element object/529","object/529/Unspecified element"
"Unspecified element object/529","object/529/Unspecified element"
"Other object/529","object/529/Other"
"Other object/529","object/529/Other"
"Sheet object/543","object/543/Sheet"
"Sheet object/543","object/543/Sheet"
"Unspecified element object/543","object/543/Unspecified element"
"Unspecified element object/543","object/543/Unspecified element"
"Image object/543","object/543/Image"
"Image object/543","object/543/Image"
"Image/Sheet object/550","object/550/Image/Sheet"
"Image/Sheet object/550","object/550/Image/Sheet"
"Mat object/550","object/550/Mat"
"Mat object/550","object/550/Mat"
"Other object/554","object/554/Other"
"Other object/554","object/554/Other"
"Image object/562","object/562/Image"
"Image object/562","object/562/Image"
"Sheet object/562","object/562/Sheet"
"Sheet object/562","object/562/Sheet"
"Unspecified element object/573","object/573/Unspecified element"
"Unspecified element object/573","object/573/Unspecified element"
"Sheet object/573","object/573/Sheet"
"Sheet object/573","object/573/Sheet"
"Image object/573","object/573/Image"
"Image object/573","object/573/Image"
"Image/Sheet object/587","object/587/Image/Sheet"
"Image/Sheet object/587","object/587/Image/Sheet"
"Mat object/587","object/587/Mat"
"Mat object/587","object/587/Mat"
"Sheet object/589","object/589/Sheet"
"Sheet object/589","object/589/Sheet"
"Sheet object/590","object/590/Sheet"
"Sheet object/590","object/590/Sheet"
"Sheet object/591","object/591/Sheet"
"Sheet object/591","object/591/Sheet"
"With Base object/604","object/604/With Base"
"With Base object/604","object/604/With Base"
"With Base object/604","object/604/With Base"
"Unspecified element object/618","object/618/Unspecified element"
"Unspecified element object/618","object/618/Unspecified element"
"Image object/618","object/618/Image"
"Image object/618","object/618/Image"
"Other object/622","object/622/Other"
"Other object/622","object/622/Other"
"Unspecified element object/622","object/622/Unspecified element"
"Unspecified element object/622","object/622/Unspecified element"
"Sheet object/629","object/629/Sheet"
"Sheet object/629","object/629/Sheet"
"Image object/629","object/629/Image"
"Image object/629","object/629/Image"
"Unspecified element object/629","object/629/Unspecified element"
"Unspecified element object/629","object/629/Unspecified element"
"Other object/631","object/631/Other"
"Other object/631","object/631/Other"
"Unspecified element object/631","object/631/Unspecified element"
"Unspecified element object/631","object/631/Unspecified element"
"Sheet object/636","object/636/Sheet"
"Sheet object/636","object/636/Sheet"
"Sheet object/641","object/641/Sheet"
"Sheet object/641","object/641/Sheet"
"Unspecified element object/641","object/641/Unspecified element"
"Unspecified element object/641","object/641/Unspecified element"
"Image object/641","object/641/Image"
"Image object/641","object/641/Image"
"Image object/642","object/642/Image"
"Image object/642","object/642/Image"
"Unspecified element object/650","object/650/Unspecified element"
"Unspecified element object/650","object/650/Unspecified element"
"Image object/650","object/650/Image"
"Image object/650","object/650/Image"
"Sheet object/659","object/659/Sheet"
"Sheet object/659","object/659/Sheet"
"Mat object/664","object/664/Mat"
"Mat object/664","object/664/Mat"
"Image object/664","object/664/Image"
"Image object/664","object/664/Image"
"Image object/665","object/665/Image"
"Image object/665","object/665/Image"
"Unspecified element object/665","object/665/Unspecified element"
"Unspecified element object/665","object/665/Unspecified element"
"Image object/666","object/666/Image"
"Image object/666","object/666/Image"
"Sheet object/666","object/666/Sheet"
"Sheet object/666","object/666/Sheet"
"Unspecified element object/666","object/666/Unspecified element"
"Unspecified element object/666","object/666/Unspecified element"
"Unspecified element object/668","object/668/Unspecified element"
"Unspecified element object/668","object/668/Unspecified element"
"Image object/668","object/668/Image"
"Image object/668","object/668/Image"
"Other object/680","object/680/Other"
"Other object/680","object/680/Other"
"Unspecified element object/680","object/680/Unspecified element"
"Unspecified element object/680","object/680/Unspecified element"
"Image/Sheet object/683","object/683/Image/Sheet"
"Image/Sheet object/683","object/683/Image/Sheet"
"Unspecified element object/684","object/684/Unspecified element"
"Unspecified element object/684","object/684/Unspecified element"
"Image object/684","object/684/Image"
"Image object/684","object/684/Image"
"Image object/685","object/685/Image"
"Image object/685","object/685/Image"
"Case Open object/685","object/685/Case Open"
"Case Open object/685","object/685/Case Open"
"Plate object/685","object/685/Plate"
"Plate object/685","object/685/Plate"
"Unspecified element object/689","object/689/Unspecified element"
"Unspecified element object/689","object/689/Unspecified element"
"Image object/689","object/689/Image"
"Image object/689","object/689/Image"
"Mat object/698","object/698/Mat"
"Mat object/698","object/698/Mat"
"Image object/698","object/698/Image"
"Image object/698","object/698/Image"
"Frame object/698","object/698/Frame"
"Frame object/698","object/698/Frame"
"Frame object/698","object/698/Frame"
"Sheet object/698","object/698/Sheet"
"Sheet object/698","object/698/Sheet"
"Other object/703","object/703/Other"
"Other object/703","object/703/Other"
"Frame object/703","object/703/Frame"
"Frame object/703","object/703/Frame"
"Frame object/703","object/703/Frame"
"Sheet object/704","object/704/Sheet"
"Sheet object/704","object/704/Sheet"
"Frame object/714","object/714/Frame"
"Frame object/714","object/714/Frame"
"Frame object/714","object/714/Frame"
"Stretcher object/714","object/714/Stretcher"
"Stretcher object/714","object/714/Stretcher"
"Stretcher object/714","object/714/Stretcher"
"Other object/715","object/715/Other"
"Other object/715","object/715/Other"
"Base object/724","object/724/Base"
"Base object/724","object/724/Base"
"With Base object/724","object/724/With Base"
"With Base object/724","object/724/With Base"
"With Base object/724","object/724/With Base"
"Without Base object/724","object/724/Without Base"
"Without Base object/724","object/724/Without Base"
"Without Base object/724","object/724/Without Base"
"Sheet object/729","object/729/Sheet"
"Sheet object/729","object/729/Sheet"
"Image object/734","object/734/Image"
"Image object/734","object/734/Image"
"Unspecified element object/734","object/734/Unspecified element"
"Unspecified element object/734","object/734/Unspecified element"
"Board object/734","object/734/Board"
"Board object/734","object/734/Board"
"Image object/746","object/746/Image"
"Image object/746","object/746/Image"
"Sheet object/763","object/763/Sheet"
"Sheet object/763","object/763/Sheet"
"Image object/763","object/763/Image"
"Image object/763","object/763/Image"
"Image/Sheet object/764","object/764/Image/Sheet"
"Image/Sheet object/764","object/764/Image/Sheet"
"Mat object/764","object/764/Mat"
"Mat object/764","object/764/Mat"
"Image object/779","object/779/Image"
"Sheet object/779","object/779/Sheet"
"Sheet object/779","object/779/Sheet"
"Unspecified element object/779","object/779/Unspecified element"
"Sheet object/785","object/785/Sheet"
"Sheet object/785","object/785/Sheet"
"Unspecified element object/785","object/785/Unspecified element"
"Unspecified element object/785","object/785/Unspecified element"
"Image object/785","object/785/Image"
"Image object/785","object/785/Image"
"Image object/790","object/790/Image"
"Image object/790","object/790/Image"
"Unspecified element object/790","object/790/Unspecified element"
"Unspecified element object/790","object/790/Unspecified element"
"Unspecified element object/795","object/795/Unspecified element"
"Unspecified element object/795","object/795/Unspecified element"
"Other object/795","object/795/Other"
"Other object/795","object/795/Other"
"Image object/803","object/803/Image"
"Image object/803","object/803/Image"
"Sheet object/803","object/803/Sheet"
"Sheet object/803","object/803/Sheet"
"Sheet object/808","object/808/Sheet"
"Sheet object/808","object/808/Sheet"
"Sheet object/809","object/809/Sheet"
"Sheet object/809","object/809/Sheet"
"Frame object/810","object/810/Frame"
"Frame object/810","object/810/Frame"
"Frame object/810","object/810/Frame"
"Ivory object/810","object/810/Ivory"
"Ivory object/810","object/810/Ivory"
"Other object/811","object/811/Other"
"Unspecified element object/813","object/813/Unspecified element"
"Unspecified element object/813","object/813/Unspecified element"
"Image object/813","object/813/Image"
"Image object/813","object/813/Image"
"Other object/814","object/814/Other"
"Unspecified element object/814","object/814/Unspecified element"
"Sheet object/815","object/815/Sheet"
"Sheet object/815","object/815/Sheet"
"Image object/815","object/815/Image"
"Image object/815","object/815/Image"
"Mount object/815","object/815/Mount"
"Mount object/815","object/815/Mount"
"With Base object/828","object/828/With Base"
"With Base object/828","object/828/With Base"
"With Base object/828","object/828/With Base"
"Without Base object/828","object/828/Without Base"
"Without Base object/828","object/828/Without Base"
"Without Base object/828","object/828/Without Base"
"Base object/828","object/828/Base"
"Base object/828","object/828/Base"
"Base object/828","object/828/Base"
"Unspecified element object/829","object/829/Unspecified element"
"Unspecified element object/829","object/829/Unspecified element"
"Unspecified element object/829","object/829/Unspecified element"
"Sheet object/836","object/836/Sheet"
"Sheet object/836","object/836/Sheet"
"Sheet object/838","object/838/Sheet"
"Sheet object/838","object/838/Sheet"
"Unspecified element object/838","object/838/Unspecified element"
"Unspecified element object/838","object/838/Unspecified element"
"Image object/838","object/838/Image"
"Image object/838","object/838/Image"
"Image/Sheet object/840","object/840/Image/Sheet"
"Image/Sheet object/840","object/840/Image/Sheet"
"Mat object/840","object/840/Mat"
"Mat object/840","object/840/Mat"
"Image object/860","object/860/Image"
"Image object/860","object/860/Image"
"Unspecified element object/860","object/860/Unspecified element"
"Unspecified element object/860","object/860/Unspecified element"
"Image/Sheet object/867","object/867/Image/Sheet"
"Image/Sheet object/867","object/867/Image/Sheet"
"Unspecified element object/867","object/867/Unspecified element"
"Unspecified element object/867","object/867/Unspecified element"
"Image object/875","object/875/Image"
"Image object/875","object/875/Image"
"Sheet object/875","object/875/Sheet"
"Sheet object/875","object/875/Sheet"
"Mat object/875","object/875/Mat"
"Mat object/875","object/875/Mat"
"Image/Sheet object/878","object/878/Image/Sheet"
"Image/Sheet object/878","object/878/Image/Sheet"
"Unspecified element object/878","object/878/Unspecified element"
"Unspecified element object/878","object/878/Unspecified element"
"Unspecified element object/881","object/881/Unspecified element"
"Unspecified element object/881","object/881/Unspecified element"
"Image object/881","object/881/Image"
"Image object/881","object/881/Image"
"Image object/888","object/888/Image"
"Image object/888","object/888/Image"
"Unspecified element object/888","object/888/Unspecified element"
"Unspecified element object/888","object/888/Unspecified element"
"Unspecified element object/890","object/890/Unspecified element"
"Other object/890","object/890/Other"
"Sheet object/903","object/903/Sheet"
"Sheet object/903","object/903/Sheet"
"Image object/903","object/903/Image"
"Image object/903","object/903/Image"
"Other object/916","object/916/Other"
"Other object/916","object/916/Other"
"Unspecified element object/922","object/922/Unspecified element"
"Unspecified element object/922","object/922/Unspecified element"
"Unspecified element object/922","object/922/Unspecified element"
"Other object/922","object/922/Other"
"Other object/922","object/922/Other"
"Other object/922","object/922/Other"
"Frame object/925","object/925/Frame"
"Frame object/925","object/925/Frame"
"Frame object/925","object/925/Frame"
"Stretcher object/925","object/925/Stretcher"
"Stretcher object/925","object/925/Stretcher"
"Unspecified element object/936","object/936/Unspecified element"
"Unspecified element object/936","object/936/Unspecified element"
"Image object/936","object/936/Image"
"Image object/936","object/936/Image"
"Plate object/941","object/941/Plate"
"Plate object/941","object/941/Plate"
"Case Open object/941","object/941/Case Open"
"Case Open object/941","object/941/Case Open"
"Case Open object/941","object/941/Case Open"
"Image object/949","object/949/Image"
"Image object/949","object/949/Image"
"Sheet object/949","object/949/Sheet"
"Sheet object/949","object/949/Sheet"
"Unspecified element object/949","object/949/Unspecified element"
"Unspecified element object/949","object/949/Unspecified element"
"Image object/951","object/951/Image"
"Image object/951","object/951/Image"
"Unspecified element object/951","object/951/Unspecified element"
"Unspecified element object/951","object/951/Unspecified element"
"Unspecified element object/952","object/952/Unspecified element"
"Unspecified element object/952","object/952/Unspecified element"
"Image/Sheet object/952","object/952/Image/Sheet"
"Image/Sheet object/952","object/952/Image/Sheet"
"Unspecified element object/954","object/954/Unspecified element"
"Unspecified element object/954","object/954/Unspecified element"
"Image/Sheet object/954","object/954/Image/Sheet"
"Image/Sheet object/954","object/954/Image/Sheet"
"Sight object/960","object/960/Sight"
"Sight object/960","object/960/Sight"
"Image object/962","object/962/Image"
"Image object/962","object/962/Image"
"Image object/963","object/963/Image"
"Image object/963","object/963/Image"
"Image/Sheet object/969","object/969/Image/Sheet"
"Image/Sheet object/969","object/969/Image/Sheet"
"Unspecified element object/969","object/969/Unspecified element"
"Unspecified element object/969","object/969/Unspecified element"
"Image/Sheet object/971","object/971/Image/Sheet"
"Image/Sheet object/971","object/971/Image/Sheet"
"Unspecified element object/990","object/990/Unspecified element"
"Unspecified element object/990","object/990/Unspecified element"
"Image/Sheet object/990","object/990/Image/Sheet"
"Image/Sheet object/990","object/990/Image/Sheet"
"Sheet object/991","object/991/Sheet"
"Sheet object/991","object/991/Sheet"
"Unspecified element object/991","object/991/Unspecified element"
"Unspecified element object/991","object/991/Unspecified element"
"Image object/991","object/991/Image"
"Image object/991","object/991/Image"
"Sheet object/1007","object/1007/Sheet"
"Sheet object/1007","object/1007/Sheet"
"Unspecified element object/1010","object/1010/Unspecified element"
"Unspecified element object/1010","object/1010/Unspecified element"
"Sheet object/1010","object/1010/Sheet"
"Sheet object/1010","object/1010/Sheet"
"Image object/1010","object/1010/Image"
"Image object/1010","object/1010/Image"
"Sheet object/1020","object/1020/Sheet"
"Sheet object/1020","object/1020/Sheet"
"Image object/1020","object/1020/Image"
"Image object/1020","object/1020/Image"
"Unspecified element object/1020","object/1020/Unspecified element"
"Unspecified element object/1020","object/1020/Unspecified element"
"Unspecified element object/1022","object/1022/Unspecified element"
"Unspecified element object/1022","object/1022/Unspecified element"
"Other object/1022","object/1022/Other"
"Other object/1022","object/1022/Other"
"Image object/1023","object/1023/Image"
"Image object/1023","object/1023/Image"
"Sheet object/1023","object/1023/Sheet"
"Sheet object/1023","object/1023/Sheet"
"Image object/1028","object/1028/Image"
"Image object/1028","object/1028/Image"
"Sheet object/1031","object/1031/Sheet"
"Sheet object/1031","object/1031/Sheet"
"Sheet object/1044","object/1044/Sheet"
"Sheet object/1044","object/1044/Sheet"
"Unspecified element object/1050","object/1050/Unspecified element"
"Unspecified element object/1050","object/1050/Unspecified element"
"Other object/1050","object/1050/Other"
"Other object/1050","object/1050/Other"
"Image object/1060","object/1060/Image"
"Image object/1060","object/1060/Image"
"Sheet object/1060","object/1060/Sheet"
"Sheet object/1060","object/1060/Sheet"
"Unspecified element object/1060","object/1060/Unspecified element"
"Unspecified element object/1060","object/1060/Unspecified element"
"Unspecified element object/1061","object/1061/Unspecified element"
"Unspecified element object/1061","object/1061/Unspecified element"
"Sheet object/1061","object/1061/Sheet"
"Sheet object/1061","object/1061/Sheet"
"Image object/1061","object/1061/Image"
"Image object/1061","object/1061/Image"
"Mat object/1062","object/1062/Mat"
"Mat object/1062","object/1062/Mat"
"Sheet object/1062","object/1062/Sheet"
"Sheet object/1062","object/1062/Sheet"
"Image object/1062","object/1062/Image"
"Image object/1062","object/1062/Image"
"Image/Sheet object/1065","object/1065/Image/Sheet"
"Image/Sheet object/1065","object/1065/Image/Sheet"
"Unspecified element object/1065","object/1065/Unspecified element"
"Unspecified element object/1065","object/1065/Unspecified element"
"Image object/1071","object/1071/Image"
"Image object/1071","object/1071/Image"
"Other object/1094","object/1094/Other"
"Other object/1094","object/1094/Other"
"Without Base object/1096","object/1096/Without Base"
"Without Base object/1096","object/1096/Without Base"
"Without Base object/1096","object/1096/Without Base"
"Stretcher object/1100","object/1100/Stretcher"
"Stretcher object/1100","object/1100/Stretcher"
"Stretcher object/1100","object/1100/Stretcher"
"Frame object/1100","object/1100/Frame"
"Frame object/1100","object/1100/Frame"
"Frame object/1100","object/1100/Frame"
"Unspecified element object/1108","object/1108/Unspecified element"
"Unspecified element object/1108","object/1108/Unspecified element"
"Other object/1108","object/1108/Other"
"Other object/1108","object/1108/Other"
"Frame object/1125","object/1125/Frame"
"Frame object/1125","object/1125/Frame"
"Frame object/1125","object/1125/Frame"
"Stretcher object/1125","object/1125/Stretcher"
"Stretcher object/1125","object/1125/Stretcher"
"Stretcher object/1125","object/1125/Stretcher"
"Image object/1148","object/1148/Image"
"Image object/1148","object/1148/Image"
"Mount object/1148","object/1148/Mount"
"Mount object/1148","object/1148/Mount"
"Sheet object/1148","object/1148/Sheet"
"Sheet object/1148","object/1148/Sheet"
"Unspecified element object/1150","object/1150/Unspecified element"
"Unspecified element object/1150","object/1150/Unspecified element"
"Image object/1150","object/1150/Image"
"Image object/1150","object/1150/Image"
"Sheet object/1150","object/1150/Sheet"
"Sheet object/1150","object/1150/Sheet"
"Unspecified element object/1179","object/1179/Unspecified element"
"Unspecified element object/1179","object/1179/Unspecified element"
"Image object/1179","object/1179/Image"
"Image object/1179","object/1179/Image"
"Unspecified element object/1184","object/1184/Unspecified element"
"Unspecified element object/1184","object/1184/Unspecified element"
"Image object/1184","object/1184/Image"
"Image object/1184","object/1184/Image"
"Sheet object/1185","object/1185/Sheet"
"Sheet object/1185","object/1185/Sheet"
"Image object/1185","object/1185/Image"
"Image object/1185","object/1185/Image"
"Mount object/1185","object/1185/Mount"
"Mount object/1185","object/1185/Mount"
"Mat object/1185","object/1185/Mat"
"Mat object/1185","object/1185/Mat"
"Image object/1189","object/1189/Image"
"Image object/1189","object/1189/Image"
"Image object/1201","object/1201/Image"
"Image object/1201","object/1201/Image"
"Sheet object/1201","object/1201/Sheet"
"Sheet object/1201","object/1201/Sheet"
"Unspecified element object/1201","object/1201/Unspecified element"
"Unspecified element object/1201","object/1201/Unspecified element"
"Sheet object/1220","object/1220/Sheet"
"Sheet object/1220","object/1220/Sheet"
"Image object/1220","object/1220/Image"
"Image object/1220","object/1220/Image"
"Image/Sheet object/1223","object/1223/Image/Sheet"
"Image/Sheet object/1223","object/1223/Image/Sheet"
"Mat object/1223","object/1223/Mat"
"Mat object/1223","object/1223/Mat"
"Image/Sheet object/1234","object/1234/Image/Sheet"
"Image/Sheet object/1234","object/1234/Image/Sheet"
"Unspecified element object/1234","object/1234/Unspecified element"
"Unspecified element object/1234","object/1234/Unspecified element"
"Unspecified element object/1235","object/1235/Unspecified element"
"Unspecified element object/1235","object/1235/Unspecified element"
"Sheet object/1235","object/1235/Sheet"
"Sheet object/1235","object/1235/Sheet"
"Image object/1235","object/1235/Image"
"Image object/1235","object/1235/Image"
"Unspecified element object/1246","object/1246/Unspecified element"
"Unspecified element object/1246","object/1246/Unspecified element"
"Sheet object/1246","object/1246/Sheet"
"Sheet object/1246","object/1246/Sheet"
"Image object/1246","object/1246/Image"
"Image object/1246","object/1246/Image"
"Mount object/1252","object/1252/Mount"
"Mount object/1252","object/1252/Mount"
"Image/Sheet object/1252","object/1252/Image/Sheet"
"Image/Sheet object/1252","object/1252/Image/Sheet"
"Unspecified element object/1258","object/1258/Unspecified element"
"Unspecified element object/1258","object/1258/Unspecified element"
"Image object/1258","object/1258/Image"
"Image object/1258","object/1258/Image"
"Unspecified element object/1263","object/1263/Unspecified element"
"Unspecified element object/1263","object/1263/Unspecified element"
"Frame object/1263","object/1263/Frame"
"Frame object/1263","object/1263/Frame"
"Frame object/1263","object/1263/Frame"
"Other object/1263","object/1263/Other"
"Other object/1263","object/1263/Other"
"Other object/1268","object/1268/Other"
"Other object/1268","object/1268/Other"
"Other object/1268","object/1268/Other"
"Unspecified element object/1268","object/1268/Unspecified element"
"Unspecified element object/1268","object/1268/Unspecified element"
"Unspecified element object/1268","object/1268/Unspecified element"
"Sheet object/1280","object/1280/Sheet"
"Sheet object/1280","object/1280/Sheet"
"Image object/1280","object/1280/Image"
"Image object/1280","object/1280/Image"
"Mount object/1280","object/1280/Mount"
"Mount object/1280","object/1280/Mount"
"Unspecified element object/1280","object/1280/Unspecified element"
"Unspecified element object/1280","object/1280/Unspecified element"
"Unspecified element object/1281","object/1281/Unspecified element"
"Unspecified element object/1281","object/1281/Unspecified element"
"Mount object/1281","object/1281/Mount"
"Mount object/1281","object/1281/Mount"
"Image object/1281","object/1281/Image"
"Image object/1281","object/1281/Image"
"Sheet object/1281","object/1281/Sheet"
"Sheet object/1281","object/1281/Sheet"
"Other object/1283","object/1283/Other"
"Other object/1283","object/1283/Other"
"Unspecified element object/1283","object/1283/Unspecified element"
"Unspecified element object/1283","object/1283/Unspecified element"
"Unspecified element object/1287","object/1287/Unspecified element"
"Unspecified element object/1287","object/1287/Unspecified element"
"Mount object/1287","object/1287/Mount"
"Mount object/1287","object/1287/Mount"
"Image/Sheet object/1287","object/1287/Image/Sheet"
"Image/Sheet object/1287","object/1287/Image/Sheet"
"Unspecified element object/1306","object/1306/Unspecified element"
"Unspecified element object/1306","object/1306/Unspecified element"
"Image object/1306","object/1306/Image"
"Image object/1306","object/1306/Image"
"Unspecified element object/1325","object/1325/Unspecified element"
"Unspecified element object/1325","object/1325/Unspecified element"
"Other object/1325","object/1325/Other"
"Other object/1325","object/1325/Other"
"Other object/1331","object/1331/Other"
"Unspecified element object/1331","object/1331/Unspecified element"
"Unspecified element object/1346","object/1346/Unspecified element"
"Unspecified element object/1346","object/1346/Unspecified element"
"Other object/1346","object/1346/Other"
"Other object/1346","object/1346/Other"
"Sheet object/1360","object/1360/Sheet"
"Sheet object/1360","object/1360/Sheet"
"Unspecified element object/1364","object/1364/Unspecified element"
"Unspecified element object/1364","object/1364/Unspecified element"
"Other object/1364","object/1364/Other"
"Other object/1364","object/1364/Other"
"Image object/1366","object/1366/Image"
"Image object/1366","object/1366/Image"
"Unspecified element object/1366","object/1366/Unspecified element"
"Unspecified element object/1366","object/1366/Unspecified element"
"Other object/1371","object/1371/Other"
"Other object/1371","object/1371/Other"
"Unspecified element object/1371","object/1371/Unspecified element"
"Unspecified element object/1371","object/1371/Unspecified element"
"Unspecified element object/1379","object/1379/Unspecified element"
"Unspecified element object/1379","object/1379/Unspecified element"
"Sheet object/1379","object/1379/Sheet"
"Sheet object/1379","object/1379/Sheet"
"Image object/1379","object/1379/Image"
"Image object/1379","object/1379/Image"
"Other object/1389","object/1389/Other"
"Other object/1389","object/1389/Other"
"Unspecified element object/1389","object/1389/Unspecified element"
"Unspecified element object/1389","object/1389/Unspecified element"
"Unspecified element object/1391","object/1391/Unspecified element"
"Unspecified element object/1391","object/1391/Unspecified element"
"Sheet object/1391","object/1391/Sheet"
"Sheet object/1391","object/1391/Sheet"
"Image object/1391","object/1391/Image"
"Image object/1391","object/1391/Image"
"Unspecified element object/1400","object/1400/Unspecified element"
"Unspecified element object/1400","object/1400/Unspecified element"
"Image/Sheet object/1400","object/1400/Image/Sheet"
"Image/Sheet object/1400","object/1400/Image/Sheet"
"Unspecified element object/1422","object/1422/Unspecified element"
"Unspecified element object/1422","object/1422/Unspecified element"
"Image/Sheet object/1422","object/1422/Image/Sheet"
"Image/Sheet object/1422","object/1422/Image/Sheet"
"Image object/1432","object/1432/Image"
"Image object/1432","object/1432/Image"
"Unspecified element object/1432","object/1432/Unspecified element"
"Unspecified element object/1432","object/1432/Unspecified element"
"Other object/1435","object/1435/Other"
"Other object/1435","object/1435/Other"
"Sheet object/1436","object/1436/Sheet"
"Sheet object/1436","object/1436/Sheet"
"Image object/1436","object/1436/Image"
"Image object/1436","object/1436/Image"
"Other object/1438","object/1438/Other"
"Other object/1438","object/1438/Other"
"Unspecified element object/1438","object/1438/Unspecified element"
"Unspecified element object/1438","object/1438/Unspecified element"
"Image object/1439","object/1439/Image"
"Image object/1439","object/1439/Image"
"Unspecified element object/1440","object/1440/Unspecified element"
"Unspecified element object/1440","object/1440/Unspecified element"
"Other object/1440","object/1440/Other"
"Other object/1440","object/1440/Other"
"Unspecified element object/1444","object/1444/Unspecified element"
"Unspecified element object/1444","object/1444/Unspecified element"
"Sheet object/1444","object/1444/Sheet"
"Sheet object/1444","object/1444/Sheet"
"Image object/1444","object/1444/Image"
"Image object/1444","object/1444/Image"
"Mount object/1447","object/1447/Mount"
"Mount object/1447","object/1447/Mount"
"Image object/1447","object/1447/Image"
"Image object/1447","object/1447/Image"
"Sheet object/1447","object/1447/Sheet"
"Sheet object/1447","object/1447/Sheet"
"Unspecified element object/1455","object/1455/Unspecified element"
"Unspecified element object/1455","object/1455/Unspecified element"
"Image object/1455","object/1455/Image"
"Image object/1455","object/1455/Image"
"Image object/1462","object/1462/Image"
"Image object/1462","object/1462/Image"
"Book object/1462","object/1462/Book"
"Book object/1462","object/1462/Book"
"Book object/1462","object/1462/Book"
"Image object/1465","object/1465/Image"
"Image object/1465","object/1465/Image"
"Image object/1466","object/1466/Image"
"Image object/1466","object/1466/Image"
"Sheet object/1479","object/1479/Sheet"
"Sheet object/1479","object/1479/Sheet"
"Image object/1479","object/1479/Image"
"Image object/1479","object/1479/Image"
"Sheet object/1480","object/1480/Sheet"
"Sheet object/1480","object/1480/Sheet"
"Image object/1480","object/1480/Image"
"Image object/1480","object/1480/Image"
"Unspecified element object/1481","object/1481/Unspecified element"
"Unspecified element object/1481","object/1481/Unspecified element"
"Image object/1481","object/1481/Image"
"Image object/1481","object/1481/Image"
"Frame object/1484","object/1484/Frame"
"Frame object/1484","object/1484/Frame"
"Frame object/1484","object/1484/Frame"
"Sight object/1484","object/1484/Sight"
"Sight object/1484","object/1484/Sight"
"Mount object/1489","object/1489/Mount"
"Mount object/1489","object/1489/Mount"
"Image object/1489","object/1489/Image"
"Image object/1489","object/1489/Image"
"Sheet object/1489","object/1489/Sheet"
"Sheet object/1489","object/1489/Sheet"
"Unspecified element object/1489","object/1489/Unspecified element"
"Unspecified element object/1489","object/1489/Unspecified element"
"Plate object/1489","object/1489/Plate"
"Plate object/1489","object/1489/Plate"
"Unspecified element object/1495","object/1495/Unspecified element"
"Unspecified element object/1495","object/1495/Unspecified element"
"Unspecified element object/1495","object/1495/Unspecified element"
"Other object/1495","object/1495/Other"
"Other object/1495","object/1495/Other"
"Unspecified element object/1496","object/1496/Unspecified element"
"Unspecified element object/1496","object/1496/Unspecified element"
"Image object/1496","object/1496/Image"
"Image object/1496","object/1496/Image"
"Frame object/1500","object/1500/Frame"
"Frame object/1500","object/1500/Frame"
"Frame object/1500","object/1500/Frame"
"Stretcher object/1500","object/1500/Stretcher"
"Stretcher object/1500","object/1500/Stretcher"
"Stretcher object/1500","object/1500/Stretcher"
"Sheet object/1501","object/1501/Sheet"
"Sheet object/1501","object/1501/Sheet"
"Image object/1501","object/1501/Image"
"Image object/1501","object/1501/Image"
"Unspecified element object/1501","object/1501/Unspecified element"
"Unspecified element object/1501","object/1501/Unspecified element"
"Sheet object/1502","object/1502/Sheet"
"Sheet object/1502","object/1502/Sheet"
"Mat object/1502","object/1502/Mat"
"Mat object/1502","object/1502/Mat"
"Image object/1502","object/1502/Image"
"Image object/1502","object/1502/Image"
"Unspecified element object/1516","object/1516/Unspecified element"
"Unspecified element object/1516","object/1516/Unspecified element"
"Image object/1516","object/1516/Image"
"Image object/1516","object/1516/Image"
"Other object/1535","object/1535/Other"
"Other object/1535","object/1535/Other"
"Unspecified element object/1545","object/1545/Unspecified element"
"Unspecified element object/1545","object/1545/Unspecified element"
"Other object/1545","object/1545/Other"
"Other object/1545","object/1545/Other"
"Image object/1549","object/1549/Image"
"Image object/1549","object/1549/Image"
"Sheet object/1549","object/1549/Sheet"
"Sheet object/1549","object/1549/Sheet"
"Image object/1559","object/1559/Image"
"Image object/1559","object/1559/Image"
"Unspecified element object/1559","object/1559/Unspecified element"
"Unspecified element object/1559","object/1559/Unspecified element"
"Image object/1569","object/1569/Image"
"Image object/1569","object/1569/Image"
"Image object/1571","object/1571/Image"
"Image object/1571","object/1571/Image"
"Mat object/1571","object/1571/Mat"
"Mat object/1571","object/1571/Mat"
"Sheet object/1571","object/1571/Sheet"
"Sheet object/1571","object/1571/Sheet"
"Unspecified element object/1575","object/1575/Unspecified element"
"Unspecified element object/1575","object/1575/Unspecified element"
"Other object/1575","object/1575/Other"
"Other object/1575","object/1575/Other"
"Other object/1580","object/1580/Other"
"Other object/1580","object/1580/Other"
"Other object/1584","object/1584/Other"
"Other object/1584","object/1584/Other"
"Image object/1588","object/1588/Image"
"Image object/1588","object/1588/Image"
"Unspecified element object/1588","object/1588/Unspecified element"
"Unspecified element object/1588","object/1588/Unspecified element"
"Image object/1589","object/1589/Image"
"Image object/1589","object/1589/Image"
"Unspecified element object/1589","object/1589/Unspecified element"
