version https://git-lfs.github.com/spec/v1
oid sha256:582edf841c0ef8fcbe1f4e6aa86f4b384aa054005be70666f555b7c48b44f2d8
size 585
