version https://git-lfs.github.com/spec/v1
oid sha256:e3197b3e4fbe496a164f811e05e90985c4010fe094113d0229e796a44a2f1a66
size 727
