version https://git-lfs.github.com/spec/v1
oid sha256:bbf3c080953d83750657f44d555d038c2f239aafb217cd7f2dfe18a55c43ceb9
size 1762223
