version https://git-lfs.github.com/spec/v1
oid sha256:c3abec3967111d7446bb43e53ec8056ff4bad32b7960c887a4a86014927c10d5
size 128
